     1        0   129600   0.000
     2    20038   129600   0.020
     3    40075   129600   0.040
     4    60112   129600   0.060
     5    80149   129600   0.080
     6   100186   129600   0.100
     7   120223   129600   0.120
     8   140260   130612   0.140
     9   160297   130612   0.160
    10   180334   130612   0.180
    11   200371   130612   0.200
    12   220408   130612   0.220
    13   240445   130612   0.240
    14   260482   132626   0.260
    15   280519   132626   0.280
    16   300556   132626   0.300
    17   320593   132626   0.320
    18   340630   132626   0.340
    19   360667   134520   0.360
    20   380704   134520   0.380
    21   400741   134520   0.400
    22   420778   134520   0.420
    23   440815   134520   0.440
    24   460852   134520   0.460
    25   480889   136152   0.480
    26   500926   136152   0.500
    27   520963   136152   0.520
    28   541000   136152   0.540
    29   561037   136152   0.560
    30   581074   136152   0.580
    31   601111   138702   0.600
    32   621148   138702   0.620
    33   641185   140018   0.640
    34   661222   140018   0.660
    35   681259   140018   0.680
    36   701296   141240   0.700
    37   721333   141240   0.720
    38   741370   141240   0.740
    39   761407   142595   0.760
    40   781444   142595   0.780
    41   801481   142595   0.800
    42   821518   142595   0.820
    43   841555   142595   0.840
    44   861592   142595   0.860
    45   881629   144966   0.880
    46   901666   144966   0.900
    47   921703   144966   0.920
    48   941740   146820   0.940
    49   961777   146820   0.960
    50   981814   148013   0.980
    51  1001851   148013   1.000
    52  1021888   149059   1.020
    53  1041925   149059   1.040
    54  1061962   149059   1.060
    55  1081999   150508   1.080
    56  1102036   150508   1.100
    57  1122073   150508   1.120
    58  1142110   150508   1.140
    59  1162147   152219   1.160
    60  1182184   152219   1.180
    61  1202221   152219   1.200
    62  1222258   154152   1.220
    63  1242295   154152   1.240
    64  1262332   154152   1.260
    65  1282369   154152   1.280
    66  1302406   154152   1.300
    67  1322443   156213   1.320
    68  1342480   156213   1.340
    69  1362517   156213   1.360
    70  1382554   156213   1.380
    71  1402591   156213   1.400
    72  1422628   158635   1.420
    73  1442665   158635   1.440
    74  1462702   158635   1.460
    75  1482739   158635   1.480
    76  1502776   158635   1.500
    77  1522813   158635   1.520
    78  1542850   161509   1.540
    79  1562887   161509   1.560
    80  1582924   161509   1.580
    81  1602961   161509   1.600
    82  1622998   161509   1.620
    83  1643035   161509   1.640
    84  1663072   164545   1.660
    85  1683109   164545   1.680
    86  1703146   164545   1.700
    87  1723183   164545   1.720
    88  1743220   164545   1.740
    89  1763257   164545   1.760
    90  1783294   167667   1.780
    91  1803331   167667   1.800
    92  1823368   167667   1.820
    93  1843405   167667   1.840
    94  1863442   167667   1.860
    95  1883479   167667   1.880
    96  1903516   170787   1.900
    97  1923553   170787   1.920
    98  1943590   170787   1.940
    99  1963627   170787   1.960
   100  1983664   170787   1.980
   101  2003701   173506   2.000
   102  2023738   173506   2.020
   103  2043775   173506   2.040
   104  2063812   173506   2.060
   105  2083849   173506   2.080
   106  2103886   176210   2.100
   107  2123923   176210   2.120
   108  2143960   176210   2.140
   109  2163997   176210   2.160
   110  2184034   176210   2.180
   111  2204071   176210   2.200
   112  2224108   179159   2.220
   113  2244145   179159   2.240
   114  2264182   179159   2.260
   115  2284219   179159   2.280
   116  2304256   179159   2.300
   117  2324293   179159   2.320
   118  2344330   182427   2.340
   119  2364367   182427   2.360
   120  2384404   182427   2.380
   121  2404441   182427   2.400
   122  2424478   182427   2.420
   123  2444515   182427   2.440
   124  2464552   185753   2.460
   125  2484589   185753   2.480
   126  2504626   185753   2.500
   127  2524663   185753   2.520
   128  2544700   185753   2.540
   129  2564737   185753   2.560
   130  2584774   189002   2.580
   131  2604811   189002   2.600
   132  2624848   189002   2.620
   133  2644885   189002   2.640
   134  2664922   189002   2.660
   135  2684959   191634   2.680
   136  2704996   191634   2.700
   137  2725033   191634   2.720
   138  2745070   191634   2.740
   139  2765107   194071   2.760
   140  2785144   194071   2.780
   141  2805181   194071   2.800
   142  2825218   194071   2.820
   143  2845255   194071   2.840
   144  2865292   196617   2.860
   145  2885329   196617   2.880
   146  2905366   196617   2.900
   147  2925403   196617   2.920
   148  2945440   196617   2.940
   149  2965477   196617   2.960
   150  2985514   199748   2.980
   151  3005551   199748   3.000
   152  3025588   199748   3.020
   153  3045625   199748   3.040
   154  3065662   199748   3.060
   155  3085699   202539   3.080
   156  3105736   202539   3.100
   157  3125773   202539   3.120
   158  3145810   202539   3.140
   159  3165847   204689   3.160
   160  3185884   204689   3.180
   161  3205921   204689   3.200
   162  3225958   204689   3.220
   163  3245995   207074   3.240
   164  3266032   207074   3.260
   165  3286069   207074   3.280
   166  3306106   207074   3.300
   167  3326143   207074   3.320
   168  3346180   209937   3.340
   169  3366217   209937   3.360
   170  3386254   209937   3.380
   171  3406291   209937   3.400
   172  3426328   209937   3.420
   173  3446365   209937   3.440
   174  3466402   213038   3.460
   175  3486439   213038   3.480
   176  3506476   213038   3.500
   177  3526513   213038   3.520
   178  3546550   215315   3.540
   179  3566587   215315   3.560
   180  3586624   215315   3.580
   181  3606661   217314   3.600
   182  3626698   217314   3.620
   183  3646735   217314   3.640
   184  3666772   219140   3.660
   185  3686809   219140   3.680
   186  3706846   219140   3.700
   187  3726883   221106   3.720
   188  3746920   221106   3.740
   189  3766957   221106   3.760
   190  3786994   221106   3.780
   191  3807031   221106   3.800
   192  3827068   221106   3.820
   193  3847105   223846   3.840
   194  3867142   223846   3.860
   195  3887179   223846   3.880
   196  3907216   223846   3.900
   197  3927253   223846   3.920
   198  3947290   223846   3.940
   199  3967327   226834   3.960
   200  3987364   226834   3.980
   201  4007401   226834   4.000
   202  4027438   226834   4.020
   203  4047475   226834   4.040
   204  4067512   226834   4.060
   205  4087549   230109   4.080
   206  4107586   230109   4.100
   207  4127623   230109   4.120
   208  4147660   230109   4.140
   209  4167697   230109   4.160
   210  4187734   230109   4.180
   211  4207771   233419   4.200
   212  4227808   233419   4.220
   213  4247845   233419   4.240
   214  4267882   235507   4.260
   215  4287919   235507   4.280
   216  4307956   235507   4.300
   217  4327993   237330   4.320
   218  4348030   237330   4.340
   219  4368067   237330   4.360
   220  4388104   237330   4.380
   221  4408141   237330   4.400
   222  4428178   239927   4.420
   223  4448215   239927   4.440
   224  4468252   239927   4.460
   225  4488289   239927   4.480
   226  4508326   242145   4.500
   227  4528363   242145   4.520
   228  4548400   242145   4.540
   229  4568437   244106   4.560
   230  4588474   244106   4.580
   231  4608511   244106   4.600
   232  4628548   244106   4.620
   233  4648585   246450   4.640
   234  4668622   246450   4.660
   235  4688659   246450   4.680
   236  4708696   246450   4.700
   237  4728733   248606   4.720
   238  4748770   248606   4.740
   239  4768807   248606   4.760
   240  4788844   248606   4.780
   241  4808881   248606   4.800
   242  4828918   251053   4.820
   243  4848955   251053   4.840
   244  4868992   251053   4.860
   245  4889029   251053   4.880
   246  4909066   251053   4.900
   247  4929103   253701   4.920
   248  4949140   253701   4.940
   249  4969177   253701   4.960
   250  4989214   253701   4.980
   251  5009251   253701   5.000
